# chamber environmental conditions throughout the simulation, with rows corresponding to the time points in the time output file, first column is temperature (K), second is pressure (Pa), third is relative humidity (fraction (0-1), fourth is transmission factor of light (0-1))
284.15,101300.0,0.700000237249328,1.0
284.15,101300.0,0.6999999581302214,1.0
284.15,101300.0,0.6999996786513699,1.0
284.15,101300.0,0.7000000409949445,1.0
284.15,101300.0,0.6999998540701468,1.0
284.15,101300.0,0.7000000517276636,1.0
284.15,101300.0,0.6999998662672058,1.0
284.15,101300.0,0.7000000702944028,1.0
284.15,101300.0,0.6999999020282337,1.0
284.15,101300.0,0.7000000565949057,1.0
284.15,101300.0,0.6999998777102387,1.0
284.15,101300.0,0.7000000283732052,1.0
284.15,101300.0,0.6999998223414765,1.0
284.15,101300.0,0.7000000107282869,1.0
284.15,101300.0,0.6999997866335244,1.0
285.15,101300.0,0.7000000076738073,1.0
285.15,101300.0,0.6999997801844925,1.0
286.15,101300.0,0.7000000103382452,1.0
286.15,101300.0,0.6999997844991742,1.0
287.15,101300.0,0.7000000125220741,1.0
287.15,101300.0,0.6999997882379659,1.0
288.15,101300.0,0.6000000532955528,1.0
288.15,101300.0,0.5999999031195714,1.0
289.15,101300.0,0.6000000841765275,1.0
289.15,101300.0,0.599999966007088,1.0
290.15,101300.0,0.6000000816261079,1.0
290.15,101300.0,0.5999999610080298,1.0
291.15,101300.0,0.6000000920661994,1.0
291.15,101300.0,0.599999980939753,1.0
292.15,101300.0,0.6000000926960799,1.0
292.15,101300.0,0.5999999831636809,1.0
292.15,101300.0,0.6000000829269917,1.0
292.15,101300.0,0.5999999623905994,1.0
292.15,101300.0,0.6000000883316201,1.0
292.15,101300.0,0.5999999734209305,1.0
292.15,101300.0,0.6000000999891376,1.0
292.15,101300.0,0.5999999961800624,1.0
291.15,101300.0,0.7000000740808535,1.0
291.15,101300.0,0.6999999111244432,1.0
290.15,101300.0,0.7000000671985771,1.0
290.15,101300.0,0.6999998986850507,1.0
289.15,101300.0,0.7000000631749839,1.0
289.15,101300.0,0.699999890080292,1.0
287.15,101300.0,0.7000000468714733,1.0
287.15,101300.0,0.6999998575059865,1.0
286.15,101300.0,0.7000000349678747,1.0
286.15,101300.0,0.6999998370269634,1.0
285.15,101300.0,0.700000026757581,1.0
285.15,101300.0,0.699999820637232,1.0
