number_of_size_bins,2
number_of_components,8810
factor_for_multiplying_ppb_to_get_molec/cm3_with_time,[[25821323712.418327], [25821323712.418327], [25821323712.418327], [25821323712.418327], [25821323712.418327], [25821323712.418327], [25821323712.418327], [25821323712.418327], [25821323712.418327], [25821323712.418327], [25821323712.418327], [25821323712.418327], [25821323712.418327], [25821323712.418327], [25821323712.418327], [25730770236.309547], [25730770236.309547], [25640849669.34708], [25640849669.34708], [25551555399.211796], [25551555399.211796], [25462880905.374516], [25462880905.374516], [25374819757.50879], [25374819757.50879], [25287365613.93647], [25287365613.93647], [25200512220.105328], [25200512220.105328], [25114253407.09795], [25114253407.09795], [25114253407.09795], [25114253407.09795], [25114253407.09795], [25114253407.09795], [25114253407.09795], [25114253407.09795], [25200512220.105328], [25200512220.105328], [25287365613.93647], [25287365613.93647], [25374819757.50879], [25374819757.50879], [25551555399.211796], [25551555399.211796], [25640849669.34708], [25640849669.34708], [25730770236.309547], [25730770236.309547]]
simulation_computer_time(s),52690.28956913948
seed_name,['AMM_NIT', 'AMM_SUL', 'bc', 'pri_org', 'sec_org-2', 'sec_org-1', 'sec_org0', 'sec_org1']
wall_on_flag_0forNO_>0forYES,0
space_mode,man
index_of_water,8808
index_of_seed_components,[8804, 8805, 8806, 8807, 5847, 5848, 5849, 5850]
size_structure_0_for_moving_centre_1_for_full_moving,0
output_by_sim_sch_ext,/Users/user/Library/CloudStorage/OneDrive-TheUniversityofManchester/INGENIOUS/Meetings/EAC2024/met_data/spun_up_out_conc/outprep_swu/inputs/full_MCM_w_autoxidation_scheme.kpp
output_by_sim_mv_ext,/Users/user/Library/CloudStorage/OneDrive-TheUniversityofManchester/INGENIOUS/Meetings/EAC2024/met_data/spun_up_out_conc/outprep_swu/inputs/specified_model_variables.txt
