# particle number concentration assuming water not removed from particles (#/cc (air)), with time changing with rows (corresponding times given in the time output file) and size bin changing with columns with size bin numbers given in the second row of the header
# 1[2 2 2 ... 2 2 2]
8.959482751749683302e+02,3.717560293861782959e-03
8.959482751749683302e+02,3.717560293861782959e-03
8.959482751749683302e+02,3.717560293861782959e-03
1.957425000000000000e+04,7.674911411408340267e-02
1.957425000000000000e+04,7.674911411408340267e-02
1.500072916666666970e+04,7.403594820874885574e-02
1.500072916666666970e+04,7.403594820874885574e-02
1.454012500000000000e+04,6.995234264390322310e-02
1.454012500000000000e+04,6.995234264390322310e-02
1.698433333333332848e+04,7.665068961963220073e-02
1.698433333333332848e+04,7.665068961963220073e-02
2.582402083333332848e+04,9.046455087453632304e-02
2.582402083333332848e+04,9.046455087453632304e-02
2.767083333333332848e+04,9.971126812376117365e-02
2.767083333333332848e+04,9.971126812376117365e-02
2.599695833333332848e+04,1.098076573895868935e-01
2.599695833333332848e+04,1.098076573895868935e-01
2.453033333333332848e+04,1.178354816133010963e-01
2.453033333333332848e+04,1.178354816133010963e-01
2.275470833333332848e+04,1.252963720261389136e-01
2.275470833333332848e+04,1.252963720261389136e-01
2.172706382978723923e+04,1.350535418389492981e-01
2.172706382978723923e+04,1.350535418389492981e-01
2.296936170212765865e+04,1.076003315043819047e-01
2.296936170212765865e+04,1.076003315043819047e-01
2.450636170212765865e+04,1.258757979159942919e-01
2.450636170212765865e+04,1.258757979159942919e-01
2.562810638297871992e+04,1.190536211758279062e-01
2.562810638297871992e+04,1.190536211758279062e-01
2.657281250000000000e+04,1.361978977780156919e-01
2.657281250000000000e+04,1.361978977780156919e-01
2.624464583333332848e+04,1.539952924043888061e-01
2.624464583333332848e+04,1.539952924043888061e-01
2.537683333333332848e+04,1.409905700903529013e-01
2.537683333333332848e+04,1.409905700903529013e-01
2.433710416666667152e+04,1.275932193824743932e-01
2.433710416666667152e+04,1.275932193824743932e-01
2.431958333333332848e+04,1.303833344735498001e-01
2.431958333333332848e+04,1.303833344735498001e-01
2.303193750000000000e+04,1.251332956134129926e-01
2.303193750000000000e+04,1.251332956134129926e-01
2.451595744680850839e+04,1.191736793255622068e-01
2.451595744680850839e+04,1.191736793255622068e-01
2.589457446808510940e+04,1.146840656671434949e-01
2.589457446808510940e+04,1.146840656671434949e-01
2.666614893617021153e+04,1.152813584582732948e-01
2.666614893617021153e+04,1.152813584582732948e-01
2.675980851063830050e+04,1.110345366433860975e-01
2.675980851063830050e+04,1.110345366433860975e-01
