# the total concentration (ug/m3) of injected (through initial gas-phase concentration, instantaneous and/or continuous gas-phase influx) components, with component index (relative to all components) in the first row and its cumulative injected concentrations in following rows
1.000000000000000000e+00,2.000000000000000000e+00,3.000000000000000000e+00,1.500000000000000000e+01,1.000000000000000000e+01,1.270000000000000000e+02,9.400000000000000000e+01,2.460000000000000000e+02,1.280000000000000000e+02,1.860000000000000000e+02,1.310000000000000000e+02,1.290000000000000000e+02,1.900000000000000000e+02,1.970000000000000000e+02,1.950000000000000000e+02,1.380000000000000000e+02,1.340000000000000000e+02,3.750000000000000000e+02,2.140000000000000000e+02,2.030000000000000000e+02,1.480000000000000000e+02,3.830000000000000000e+02,1.440000000000000000e+02,1.640000000000000000e+02,1.720000000000000000e+02,2.480000000000000000e+02,2.520000000000000000e+02,2.720000000000000000e+02,2.620000000000000000e+02,2.570000000000000000e+02,2.870000000000000000e+02,2.920000000000000000e+02,2.970000000000000000e+02,2.100000000000000000e+01,1.260000000000000000e+02,1.740000000000000000e+02,1.760000000000000000e+02,1.780000000000000000e+02,2.670000000000000000e+02,2.770000000000000000e+02,3.250000000000000000e+02,3.270000000000000000e+02,4.870000000000000000e+02,5.040000000000000000e+02,1.250000000000000000e+02
7.022298634412449951e+11,6.109059346197553711e+11,9.811143398997668457e+11,3.903090406200681305e+10,7.586758786438090324e+09,1.345004505668997192e+11,2.895996575759539032e+10,8.673974473662643433e+09,7.284364901830093384e+10,1.710958593215567207e+10,3.161254033873096848e+10,5.259908862113740540e+10,4.078558842595761776e+09,2.178227395088464260e+09,2.282320360668753624e+09,3.343277854259186172e+10,1.496628406632522202e+10,1.394749668441488028e+09,1.660950192470380306e+09,1.530594347830534697e+09,7.693359310365503311e+09,2.393626344657903194e+09,5.914960730277971268e+09,5.985630528540838242e+09,2.616756457931454659e+09,1.008237535811206627e+10,3.171768335396667862e+10,7.425509990810481071e+09,2.336135017927968597e+10,9.529719170219692230e+09,1.013426537321893811e+09,9.473248203282848358e+09,2.970852281173456669e+09,5.164140594479886627e+10,3.565819356492613281e+13,7.746216051392131042e+10,2.349685205302547607e+11,2.995202773385515137e+11,1.239394568222744141e+11,1.239394361986272888e+11,3.356694266863812637e+10,1.781630363361015625e+11,2.581959060956154823e+09,1.962375309197017212e+11,0.000000000000000000e+00
7.022298634412449951e+11,6.109059346197553711e+11,9.811143398997668457e+11,3.903090406200681305e+10,7.586758786438090324e+09,1.345004505668997192e+11,2.895996575759539032e+10,8.673974473662643433e+09,7.284364901830093384e+10,1.710958593215567207e+10,3.161254033873096848e+10,5.259908862113740540e+10,4.078558842595761776e+09,2.178227395088464260e+09,2.282320360668753624e+09,3.343277854259186172e+10,1.496628406632522202e+10,1.394749668441488028e+09,1.660950192470380306e+09,1.530594347830534697e+09,7.693359310365503311e+09,2.393626344657903194e+09,5.914960730277971268e+09,5.985630528540838242e+09,2.616756457931454659e+09,1.008237535811206627e+10,3.171768335396667862e+10,7.425509990810481071e+09,2.336135017927968597e+10,9.529719170219692230e+09,1.013426537321893811e+09,9.473248203282848358e+09,2.970852281173456669e+09,5.164140594479886627e+10,3.565819356492613281e+13,7.746216051392131042e+10,2.349685205302547607e+11,2.995202773385515137e+11,1.239394568222744141e+11,1.239394361986272888e+11,3.356694266863812637e+10,1.781630363361015625e+11,2.581959060956154823e+09,1.962375309197017212e+11,0.000000000000000000e+00
7.022298634412449951e+11,6.109059346197553711e+11,9.811143398997668457e+11,3.903090406200681305e+10,7.586758786438090324e+09,1.345004505668997192e+11,2.895996575759539032e+10,8.673974473662643433e+09,7.284364901830093384e+10,1.710958593215567207e+10,3.161254033873096848e+10,5.259908862113740540e+10,4.078558842595761776e+09,2.178227395088464260e+09,2.282320360668753624e+09,3.343277854259186172e+10,1.496628406632522202e+10,1.394749668441488028e+09,1.660950192470380306e+09,1.530594347830534697e+09,7.693359310365503311e+09,2.393626344657903194e+09,5.914960730277971268e+09,5.985630528540838242e+09,2.616756457931454659e+09,1.008237535811206627e+10,3.171768335396667862e+10,7.425509990810481071e+09,2.336135017927968597e+10,9.529719170219692230e+09,1.013426537321893811e+09,9.473248203282848358e+09,2.970852281173456669e+09,5.164140594479886627e+10,3.565819356492613281e+13,7.746216051392131042e+10,2.349685205302547607e+11,2.995202773385515137e+11,1.239394568222744141e+11,1.239394361986272888e+11,3.356694266863812637e+10,1.781630363361015625e+11,2.581959060956154823e+09,1.962375309197017212e+11,0.000000000000000000e+00
7.022298634412449951e+11,6.109059346197553711e+11,9.811143398997668457e+11,3.903090406200681305e+10,7.586758786438090324e+09,1.345004505668997192e+11,2.895996575759539032e+10,8.673974473662643433e+09,7.284364901830093384e+10,1.710958593215567207e+10,3.161254033873096848e+10,5.259908862113740540e+10,4.078558842595761776e+09,2.178227395088464260e+09,2.282320360668753624e+09,3.343277854259186172e+10,1.496628406632522202e+10,1.394749668441488028e+09,1.660950192470380306e+09,1.530594347830534697e+09,7.693359310365503311e+09,2.393626344657903194e+09,5.914960730277971268e+09,5.985630528540838242e+09,2.616756457931454659e+09,1.008237535811206627e+10,3.171768335396667862e+10,7.425509990810481071e+09,2.336135017927968597e+10,9.529719170219692230e+09,1.013426537321893811e+09,9.473248203282848358e+09,2.970852281173456669e+09,5.164140594479886627e+10,3.565819356492613281e+13,7.746216051392131042e+10,2.349685205302547607e+11,2.995202773385515137e+11,1.239394568222744141e+11,1.239394361986272888e+11,3.356694266863812637e+10,1.781630363361015625e+11,2.581959060956154823e+09,1.962375309197017212e+11,0.000000000000000000e+00
7.022298634412449951e+11,6.109059346197553711e+11,9.811143398997668457e+11,3.903090406200681305e+10,7.586758786438090324e+09,1.345004505668997192e+11,2.895996575759539032e+10,8.673974473662643433e+09,7.284364901830093384e+10,1.710958593215567207e+10,3.161254033873096848e+10,5.259908862113740540e+10,4.078558842595761776e+09,2.178227395088464260e+09,2.282320360668753624e+09,3.343277854259186172e+10,1.496628406632522202e+10,1.394749668441488028e+09,1.660950192470380306e+09,1.530594347830534697e+09,7.693359310365503311e+09,2.393626344657903194e+09,5.914960730277971268e+09,5.985630528540838242e+09,2.616756457931454659e+09,1.008237535811206627e+10,3.171768335396667862e+10,7.425509990810481071e+09,2.336135017927968597e+10,9.529719170219692230e+09,1.013426537321893811e+09,9.473248203282848358e+09,2.970852281173456669e+09,5.164140594479886627e+10,3.565819356492613281e+13,7.746216051392131042e+10,2.349685205302547607e+11,2.995202773385515137e+11,1.239394568222744141e+11,1.239394361986272888e+11,3.356694266863812637e+10,1.781630363361015625e+11,2.581959060956154823e+09,1.962375309197017212e+11,0.000000000000000000e+00
7.022298634412449951e+11,6.109059346197553711e+11,9.811143398997668457e+11,3.903090406200681305e+10,7.586758786438090324e+09,1.345004505668997192e+11,2.895996575759539032e+10,8.673974473662643433e+09,7.284364901830093384e+10,1.710958593215567207e+10,3.161254033873096848e+10,5.259908862113740540e+10,4.078558842595761776e+09,2.178227395088464260e+09,2.282320360668753624e+09,3.343277854259186172e+10,1.496628406632522202e+10,1.394749668441488028e+09,1.660950192470380306e+09,1.530594347830534697e+09,7.693359310365503311e+09,2.393626344657903194e+09,5.914960730277971268e+09,5.985630528540838242e+09,2.616756457931454659e+09,1.008237535811206627e+10,3.171768335396667862e+10,7.425509990810481071e+09,2.336135017927968597e+10,9.529719170219692230e+09,1.013426537321893811e+09,9.473248203282848358e+09,2.970852281173456669e+09,5.164140594479886627e+10,3.565819356492613281e+13,7.746216051392131042e+10,2.349685205302547607e+11,2.995202773385515137e+11,1.239394568222744141e+11,1.239394361986272888e+11,3.356694266863812637e+10,1.781630363361015625e+11,2.581959060956154823e+09,1.962375309197017212e+11,0.000000000000000000e+00
7.022298634412449951e+11,6.109059346197553711e+11,9.811143398997668457e+11,3.903090406200681305e+10,7.586758786438090324e+09,1.345004505668997192e+11,2.895996575759539032e+10,8.673974473662643433e+09,7.284364901830093384e+10,1.710958593215567207e+10,3.161254033873096848e+10,5.259908862113740540e+10,4.078558842595761776e+09,2.178227395088464260e+09,2.282320360668753624e+09,3.343277854259186172e+10,1.496628406632522202e+10,1.394749668441488028e+09,1.660950192470380306e+09,1.530594347830534697e+09,7.693359310365503311e+09,2.393626344657903194e+09,5.914960730277971268e+09,5.985630528540838242e+09,2.616756457931454659e+09,1.008237535811206627e+10,3.171768335396667862e+10,7.425509990810481071e+09,2.336135017927968597e+10,9.529719170219692230e+09,1.013426537321893811e+09,9.473248203282848358e+09,2.970852281173456669e+09,5.164140594479886627e+10,3.565819356492613281e+13,7.746216051392131042e+10,2.349685205302547607e+11,2.995202773385515137e+11,1.239394568222744141e+11,1.239394361986272888e+11,3.356694266863812637e+10,1.781630363361015625e+11,2.581959060956154823e+09,1.962375309197017212e+11,0.000000000000000000e+00
7.022298634412449951e+11,6.109059346197553711e+11,9.811143398997668457e+11,3.903090406200681305e+10,7.586758786438090324e+09,1.345004505668997192e+11,2.895996575759539032e+10,8.673974473662643433e+09,7.284364901830093384e+10,1.710958593215567207e+10,3.161254033873096848e+10,5.259908862113740540e+10,4.078558842595761776e+09,2.178227395088464260e+09,2.282320360668753624e+09,3.343277854259186172e+10,1.496628406632522202e+10,1.394749668441488028e+09,1.660950192470380306e+09,1.530594347830534697e+09,7.693359310365503311e+09,2.393626344657903194e+09,5.914960730277971268e+09,5.985630528540838242e+09,2.616756457931454659e+09,1.008237535811206627e+10,3.171768335396667862e+10,7.425509990810481071e+09,2.336135017927968597e+10,9.529719170219692230e+09,1.013426537321893811e+09,9.473248203282848358e+09,2.970852281173456669e+09,5.164140594479886627e+10,3.565819356492613281e+13,7.746216051392131042e+10,2.349685205302547607e+11,2.995202773385515137e+11,1.239394568222744141e+11,1.239394361986272888e+11,3.356694266863812637e+10,1.781630363361015625e+11,2.581959060956154823e+09,1.962375309197017212e+11,0.000000000000000000e+00
7.022298634412449951e+11,6.109059346197553711e+11,9.811143398997668457e+11,3.903090406200681305e+10,7.586758786438090324e+09,1.345004505668997192e+11,2.895996575759539032e+10,8.673974473662643433e+09,7.284364901830093384e+10,1.710958593215567207e+10,3.161254033873096848e+10,5.259908862113740540e+10,4.078558842595761776e+09,2.178227395088464260e+09,2.282320360668753624e+09,3.343277854259186172e+10,1.496628406632522202e+10,1.394749668441488028e+09,1.660950192470380306e+09,1.530594347830534697e+09,7.693359310365503311e+09,2.393626344657903194e+09,5.914960730277971268e+09,5.985630528540838242e+09,2.616756457931454659e+09,1.008237535811206627e+10,3.171768335396667862e+10,7.425509990810481071e+09,2.336135017927968597e+10,9.529719170219692230e+09,1.013426537321893811e+09,9.473248203282848358e+09,2.970852281173456669e+09,5.164140594479886627e+10,3.565819356492613281e+13,7.746216051392131042e+10,2.349685205302547607e+11,2.995202773385515137e+11,1.239394568222744141e+11,1.239394361986272888e+11,3.356694266863812637e+10,1.781630363361015625e+11,2.581959060956154823e+09,1.962375309197017212e+11,0.000000000000000000e+00
7.022298634412449951e+11,6.109059346197553711e+11,9.811143398997668457e+11,3.903090406200681305e+10,7.586758786438090324e+09,1.345004505668997192e+11,2.895996575759539032e+10,8.673974473662643433e+09,7.284364901830093384e+10,1.710958593215567207e+10,3.161254033873096848e+10,5.259908862113740540e+10,4.078558842595761776e+09,2.178227395088464260e+09,2.282320360668753624e+09,3.343277854259186172e+10,1.496628406632522202e+10,1.394749668441488028e+09,1.660950192470380306e+09,1.530594347830534697e+09,7.693359310365503311e+09,2.393626344657903194e+09,5.914960730277971268e+09,5.985630528540838242e+09,2.616756457931454659e+09,1.008237535811206627e+10,3.171768335396667862e+10,7.425509990810481071e+09,2.336135017927968597e+10,9.529719170219692230e+09,1.013426537321893811e+09,9.473248203282848358e+09,2.970852281173456669e+09,5.164140594479886627e+10,3.565819356492613281e+13,7.746216051392131042e+10,2.349685205302547607e+11,2.995202773385515137e+11,1.239394568222744141e+11,1.239394361986272888e+11,3.356694266863812637e+10,1.781630363361015625e+11,2.581959060956154823e+09,1.962375309197017212e+11,0.000000000000000000e+00
7.022298634412449951e+11,6.109059346197553711e+11,9.811143398997668457e+11,3.903090406200681305e+10,7.586758786438090324e+09,1.345004505668997192e+11,2.895996575759539032e+10,8.673974473662643433e+09,7.284364901830093384e+10,1.710958593215567207e+10,3.161254033873096848e+10,5.259908862113740540e+10,4.078558842595761776e+09,2.178227395088464260e+09,2.282320360668753624e+09,3.343277854259186172e+10,1.496628406632522202e+10,1.394749668441488028e+09,1.660950192470380306e+09,1.530594347830534697e+09,7.693359310365503311e+09,2.393626344657903194e+09,5.914960730277971268e+09,5.985630528540838242e+09,2.616756457931454659e+09,1.008237535811206627e+10,3.171768335396667862e+10,7.425509990810481071e+09,2.336135017927968597e+10,9.529719170219692230e+09,1.013426537321893811e+09,9.473248203282848358e+09,2.970852281173456669e+09,5.164140594479886627e+10,3.565819356492613281e+13,7.746216051392131042e+10,2.349685205302547607e+11,2.995202773385515137e+11,1.239394568222744141e+11,1.239394361986272888e+11,3.356694266863812637e+10,1.781630363361015625e+11,2.581959060956154823e+09,1.962375309197017212e+11,0.000000000000000000e+00
7.022298634412449951e+11,6.109059346197553711e+11,9.811143398997668457e+11,3.903090406200681305e+10,7.586758786438090324e+09,1.345004505668997192e+11,2.895996575759539032e+10,8.673974473662643433e+09,7.284364901830093384e+10,1.710958593215567207e+10,3.161254033873096848e+10,5.259908862113740540e+10,4.078558842595761776e+09,2.178227395088464260e+09,2.282320360668753624e+09,3.343277854259186172e+10,1.496628406632522202e+10,1.394749668441488028e+09,1.660950192470380306e+09,1.530594347830534697e+09,7.693359310365503311e+09,2.393626344657903194e+09,5.914960730277971268e+09,5.985630528540838242e+09,2.616756457931454659e+09,1.008237535811206627e+10,3.171768335396667862e+10,7.425509990810481071e+09,2.336135017927968597e+10,9.529719170219692230e+09,1.013426537321893811e+09,9.473248203282848358e+09,2.970852281173456669e+09,5.164140594479886627e+10,3.565819356492613281e+13,7.746216051392131042e+10,2.349685205302547607e+11,2.995202773385515137e+11,1.239394568222744141e+11,1.239394361986272888e+11,3.356694266863812637e+10,1.781630363361015625e+11,2.581959060956154823e+09,1.962375309197017212e+11,0.000000000000000000e+00
7.022298634412449951e+11,6.109059346197553711e+11,9.811143398997668457e+11,3.903090406200681305e+10,7.586758786438090324e+09,1.345004505668997192e+11,2.895996575759539032e+10,8.673974473662643433e+09,7.284364901830093384e+10,1.710958593215567207e+10,3.161254033873096848e+10,5.259908862113740540e+10,4.078558842595761776e+09,2.178227395088464260e+09,2.282320360668753624e+09,3.343277854259186172e+10,1.496628406632522202e+10,1.394749668441488028e+09,1.660950192470380306e+09,1.530594347830534697e+09,7.693359310365503311e+09,2.393626344657903194e+09,5.914960730277971268e+09,5.985630528540838242e+09,2.616756457931454659e+09,1.008237535811206627e+10,3.171768335396667862e+10,7.425509990810481071e+09,2.336135017927968597e+10,9.529719170219692230e+09,1.013426537321893811e+09,9.473248203282848358e+09,2.970852281173456669e+09,5.164140594479886627e+10,3.565819356492613281e+13,7.746216051392131042e+10,2.349685205302547607e+11,2.995202773385515137e+11,1.239394568222744141e+11,1.239394361986272888e+11,3.356694266863812637e+10,1.781630363361015625e+11,2.581959060956154823e+09,1.962375309197017212e+11,0.000000000000000000e+00
7.022298634412449951e+11,6.109059346197553711e+11,9.811143398997668457e+11,3.903090406200681305e+10,7.586758786438090324e+09,1.345004505668997192e+11,2.895996575759539032e+10,8.673974473662643433e+09,7.284364901830093384e+10,1.710958593215567207e+10,3.161254033873096848e+10,5.259908862113740540e+10,4.078558842595761776e+09,2.178227395088464260e+09,2.282320360668753624e+09,3.343277854259186172e+10,1.496628406632522202e+10,1.394749668441488028e+09,1.660950192470380306e+09,1.530594347830534697e+09,7.693359310365503311e+09,2.393626344657903194e+09,5.914960730277971268e+09,5.985630528540838242e+09,2.616756457931454659e+09,1.008237535811206627e+10,3.171768335396667862e+10,7.425509990810481071e+09,2.336135017927968597e+10,9.529719170219692230e+09,1.013426537321893811e+09,9.473248203282848358e+09,2.970852281173456669e+09,5.164140594479886627e+10,3.565819356492613281e+13,7.746216051392131042e+10,2.349685205302547607e+11,2.995202773385515137e+11,1.239394568222744141e+11,1.239394361986272888e+11,3.356694266863812637e+10,1.781630363361015625e+11,2.581959060956154823e+09,1.962375309197017212e+11,0.000000000000000000e+00
7.022298634412449951e+11,6.109059346197553711e+11,9.811143398997668457e+11,3.903090406200681305e+10,7.586758786438090324e+09,1.345004505668997192e+11,2.895996575759539032e+10,8.673974473662643433e+09,7.284364901830093384e+10,1.710958593215567207e+10,3.161254033873096848e+10,5.259908862113740540e+10,4.078558842595761776e+09,2.178227395088464260e+09,2.282320360668753624e+09,3.343277854259186172e+10,1.496628406632522202e+10,1.394749668441488028e+09,1.660950192470380306e+09,1.530594347830534697e+09,7.693359310365503311e+09,2.393626344657903194e+09,5.914960730277971268e+09,5.985630528540838242e+09,2.616756457931454659e+09,1.008237535811206627e+10,3.171768335396667862e+10,7.425509990810481071e+09,2.336135017927968597e+10,9.529719170219692230e+09,1.013426537321893811e+09,9.473248203282848358e+09,2.970852281173456669e+09,5.164140594479886627e+10,3.565819356492613281e+13,7.746216051392131042e+10,2.349685205302547607e+11,2.995202773385515137e+11,1.239394568222744141e+11,1.239394361986272888e+11,3.356694266863812637e+10,1.781630363361015625e+11,2.581959060956154823e+09,1.962375309197017212e+11,0.000000000000000000e+00
7.022298634412449951e+11,6.109059346197553711e+11,9.811143398997668457e+11,3.903090406200681305e+10,7.586758786438090324e+09,1.345004505668997192e+11,2.895996575759539032e+10,8.673974473662643433e+09,7.284364901830093384e+10,1.710958593215567207e+10,3.161254033873096848e+10,5.259908862113740540e+10,4.078558842595761776e+09,2.178227395088464260e+09,2.282320360668753624e+09,3.343277854259186172e+10,1.496628406632522202e+10,1.394749668441488028e+09,1.660950192470380306e+09,1.530594347830534697e+09,7.693359310365503311e+09,2.393626344657903194e+09,5.914960730277971268e+09,5.985630528540838242e+09,2.616756457931454659e+09,1.008237535811206627e+10,3.171768335396667862e+10,7.425509990810481071e+09,2.336135017927968597e+10,9.529719170219692230e+09,1.013426537321893811e+09,9.473248203282848358e+09,2.970852281173456669e+09,5.164140594479886627e+10,3.565819356492613281e+13,7.746216051392131042e+10,2.349685205302547607e+11,2.995202773385515137e+11,1.239394568222744141e+11,1.239394361986272888e+11,3.356694266863812637e+10,1.781630363361015625e+11,2.581959060956154823e+09,1.962375309197017212e+11,0.000000000000000000e+00
7.022298634412449951e+11,6.109059346197553711e+11,9.811143398997668457e+11,3.903090406200681305e+10,7.586758786438090324e+09,1.345004505668997192e+11,2.895996575759539032e+10,8.673974473662643433e+09,7.284364901830093384e+10,1.710958593215567207e+10,3.161254033873096848e+10,5.259908862113740540e+10,4.078558842595761776e+09,2.178227395088464260e+09,2.282320360668753624e+09,3.343277854259186172e+10,1.496628406632522202e+10,1.394749668441488028e+09,1.660950192470380306e+09,1.530594347830534697e+09,7.693359310365503311e+09,2.393626344657903194e+09,5.914960730277971268e+09,5.985630528540838242e+09,2.616756457931454659e+09,1.008237535811206627e+10,3.171768335396667862e+10,7.425509990810481071e+09,2.336135017927968597e+10,9.529719170219692230e+09,1.013426537321893811e+09,9.473248203282848358e+09,2.970852281173456669e+09,5.164140594479886627e+10,3.565819356492613281e+13,7.746216051392131042e+10,2.349685205302547607e+11,2.995202773385515137e+11,1.239394568222744141e+11,1.239394361986272888e+11,3.356694266863812637e+10,1.781630363361015625e+11,2.581959060956154823e+09,1.962375309197017212e+11,0.000000000000000000e+00
7.022298634412449951e+11,6.109059346197553711e+11,9.811143398997668457e+11,3.903090406200681305e+10,7.586758786438090324e+09,1.345004505668997192e+11,2.895996575759539032e+10,8.673974473662643433e+09,7.284364901830093384e+10,1.710958593215567207e+10,3.161254033873096848e+10,5.259908862113740540e+10,4.078558842595761776e+09,2.178227395088464260e+09,2.282320360668753624e+09,3.343277854259186172e+10,1.496628406632522202e+10,1.394749668441488028e+09,1.660950192470380306e+09,1.530594347830534697e+09,7.693359310365503311e+09,2.393626344657903194e+09,5.914960730277971268e+09,5.985630528540838242e+09,2.616756457931454659e+09,1.008237535811206627e+10,3.171768335396667862e+10,7.425509990810481071e+09,2.336135017927968597e+10,9.529719170219692230e+09,1.013426537321893811e+09,9.473248203282848358e+09,2.970852281173456669e+09,5.164140594479886627e+10,3.565819356492613281e+13,7.746216051392131042e+10,2.349685205302547607e+11,2.995202773385515137e+11,1.239394568222744141e+11,1.239394361986272888e+11,3.356694266863812637e+10,1.781630363361015625e+11,2.581959060956154823e+09,1.962375309197017212e+11,0.000000000000000000e+00
7.022298634412449951e+11,6.109059346197553711e+11,9.811143398997668457e+11,3.903090406200681305e+10,7.586758786438090324e+09,1.345004505668997192e+11,2.895996575759539032e+10,8.673974473662643433e+09,7.284364901830093384e+10,1.710958593215567207e+10,3.161254033873096848e+10,5.259908862113740540e+10,4.078558842595761776e+09,2.178227395088464260e+09,2.282320360668753624e+09,3.343277854259186172e+10,1.496628406632522202e+10,1.394749668441488028e+09,1.660950192470380306e+09,1.530594347830534697e+09,7.693359310365503311e+09,2.393626344657903194e+09,5.914960730277971268e+09,5.985630528540838242e+09,2.616756457931454659e+09,1.008237535811206627e+10,3.171768335396667862e+10,7.425509990810481071e+09,2.336135017927968597e+10,9.529719170219692230e+09,1.013426537321893811e+09,9.473248203282848358e+09,2.970852281173456669e+09,5.164140594479886627e+10,3.565819356492613281e+13,7.746216051392131042e+10,2.349685205302547607e+11,2.995202773385515137e+11,1.239394568222744141e+11,1.239394361986272888e+11,3.356694266863812637e+10,1.781630363361015625e+11,2.581959060956154823e+09,1.962375309197017212e+11,0.000000000000000000e+00
7.022298634412449951e+11,6.109059346197553711e+11,9.811143398997668457e+11,3.903090406200681305e+10,7.586758786438090324e+09,1.345004505668997192e+11,2.895996575759539032e+10,8.673974473662643433e+09,7.284364901830093384e+10,1.710958593215567207e+10,3.161254033873096848e+10,5.259908862113740540e+10,4.078558842595761776e+09,2.178227395088464260e+09,2.282320360668753624e+09,3.343277854259186172e+10,1.496628406632522202e+10,1.394749668441488028e+09,1.660950192470380306e+09,1.530594347830534697e+09,7.693359310365503311e+09,2.393626344657903194e+09,5.914960730277971268e+09,5.985630528540838242e+09,2.616756457931454659e+09,1.008237535811206627e+10,3.171768335396667862e+10,7.425509990810481071e+09,2.336135017927968597e+10,9.529719170219692230e+09,1.013426537321893811e+09,9.473248203282848358e+09,2.970852281173456669e+09,5.164140594479886627e+10,3.565819356492613281e+13,7.746216051392131042e+10,2.349685205302547607e+11,2.995202773385515137e+11,1.239394568222744141e+11,1.239394361986272888e+11,3.356694266863812637e+10,1.781630363361015625e+11,2.581959060956154823e+09,1.962375309197017212e+11,0.000000000000000000e+00
7.022298634412449951e+11,6.109059346197553711e+11,9.811143398997668457e+11,3.903090406200681305e+10,7.586758786438090324e+09,1.345004505668997192e+11,2.895996575759539032e+10,8.673974473662643433e+09,7.284364901830093384e+10,1.710958593215567207e+10,3.161254033873096848e+10,5.259908862113740540e+10,4.078558842595761776e+09,2.178227395088464260e+09,2.282320360668753624e+09,3.343277854259186172e+10,1.496628406632522202e+10,1.394749668441488028e+09,1.660950192470380306e+09,1.530594347830534697e+09,7.693359310365503311e+09,2.393626344657903194e+09,5.914960730277971268e+09,5.985630528540838242e+09,2.616756457931454659e+09,1.008237535811206627e+10,3.171768335396667862e+10,7.425509990810481071e+09,2.336135017927968597e+10,9.529719170219692230e+09,1.013426537321893811e+09,9.473248203282848358e+09,2.970852281173456669e+09,5.164140594479886627e+10,3.565819356492613281e+13,7.746216051392131042e+10,2.349685205302547607e+11,2.995202773385515137e+11,1.239394568222744141e+11,1.239394361986272888e+11,3.356694266863812637e+10,1.781630363361015625e+11,2.581959060956154823e+09,1.962375309197017212e+11,0.000000000000000000e+00
7.022298634412449951e+11,6.109059346197553711e+11,9.811143398997668457e+11,3.903090406200681305e+10,7.586758786438090324e+09,1.345004505668997192e+11,2.895996575759539032e+10,8.673974473662643433e+09,7.284364901830093384e+10,1.710958593215567207e+10,3.161254033873096848e+10,5.259908862113740540e+10,4.078558842595761776e+09,2.178227395088464260e+09,2.282320360668753624e+09,3.343277854259186172e+10,1.496628406632522202e+10,1.394749668441488028e+09,1.660950192470380306e+09,1.530594347830534697e+09,7.693359310365503311e+09,2.393626344657903194e+09,5.914960730277971268e+09,5.985630528540838242e+09,2.616756457931454659e+09,1.008237535811206627e+10,3.171768335396667862e+10,7.425509990810481071e+09,2.336135017927968597e+10,9.529719170219692230e+09,1.013426537321893811e+09,9.473248203282848358e+09,2.970852281173456669e+09,5.164140594479886627e+10,3.565819356492613281e+13,7.746216051392131042e+10,2.349685205302547607e+11,2.995202773385515137e+11,1.239394568222744141e+11,1.239394361986272888e+11,3.356694266863812637e+10,1.781630363361015625e+11,2.581959060956154823e+09,1.962375309197017212e+11,0.000000000000000000e+00
7.022298634412449951e+11,6.109059346197553711e+11,9.811143398997668457e+11,3.903090406200681305e+10,7.586758786438090324e+09,1.345004505668997192e+11,2.895996575759539032e+10,8.673974473662643433e+09,7.284364901830093384e+10,1.710958593215567207e+10,3.161254033873096848e+10,5.259908862113740540e+10,4.078558842595761776e+09,2.178227395088464260e+09,2.282320360668753624e+09,3.343277854259186172e+10,1.496628406632522202e+10,1.394749668441488028e+09,1.660950192470380306e+09,1.530594347830534697e+09,7.693359310365503311e+09,2.393626344657903194e+09,5.914960730277971268e+09,5.985630528540838242e+09,2.616756457931454659e+09,1.008237535811206627e+10,3.171768335396667862e+10,7.425509990810481071e+09,2.336135017927968597e+10,9.529719170219692230e+09,1.013426537321893811e+09,9.473248203282848358e+09,2.970852281173456669e+09,5.164140594479886627e+10,3.565819356492613281e+13,7.746216051392131042e+10,2.349685205302547607e+11,2.995202773385515137e+11,1.239394568222744141e+11,1.239394361986272888e+11,3.356694266863812637e+10,1.781630363361015625e+11,2.581959060956154823e+09,1.962375309197017212e+11,0.000000000000000000e+00
7.022298634412449951e+11,6.109059346197553711e+11,9.811143398997668457e+11,3.903090406200681305e+10,7.586758786438090324e+09,1.345004505668997192e+11,2.895996575759539032e+10,8.673974473662643433e+09,7.284364901830093384e+10,1.710958593215567207e+10,3.161254033873096848e+10,5.259908862113740540e+10,4.078558842595761776e+09,2.178227395088464260e+09,2.282320360668753624e+09,3.343277854259186172e+10,1.496628406632522202e+10,1.394749668441488028e+09,1.660950192470380306e+09,1.530594347830534697e+09,7.693359310365503311e+09,2.393626344657903194e+09,5.914960730277971268e+09,5.985630528540838242e+09,2.616756457931454659e+09,1.008237535811206627e+10,3.171768335396667862e+10,7.425509990810481071e+09,2.336135017927968597e+10,9.529719170219692230e+09,1.013426537321893811e+09,9.473248203282848358e+09,2.970852281173456669e+09,5.164140594479886627e+10,3.565819356492613281e+13,7.746216051392131042e+10,2.349685205302547607e+11,2.995202773385515137e+11,1.239394568222744141e+11,1.239394361986272888e+11,3.356694266863812637e+10,1.781630363361015625e+11,2.581959060956154823e+09,1.962375309197017212e+11,0.000000000000000000e+00
7.022298634412449951e+11,6.109059346197553711e+11,9.811143398997668457e+11,3.903090406200681305e+10,7.586758786438090324e+09,1.345004505668997192e+11,2.895996575759539032e+10,8.673974473662643433e+09,7.284364901830093384e+10,1.710958593215567207e+10,3.161254033873096848e+10,5.259908862113740540e+10,4.078558842595761776e+09,2.178227395088464260e+09,2.282320360668753624e+09,3.343277854259186172e+10,1.496628406632522202e+10,1.394749668441488028e+09,1.660950192470380306e+09,1.530594347830534697e+09,7.693359310365503311e+09,2.393626344657903194e+09,5.914960730277971268e+09,5.985630528540838242e+09,2.616756457931454659e+09,1.008237535811206627e+10,3.171768335396667862e+10,7.425509990810481071e+09,2.336135017927968597e+10,9.529719170219692230e+09,1.013426537321893811e+09,9.473248203282848358e+09,2.970852281173456669e+09,5.164140594479886627e+10,3.565819356492613281e+13,7.746216051392131042e+10,2.349685205302547607e+11,2.995202773385515137e+11,1.239394568222744141e+11,1.239394361986272888e+11,3.356694266863812637e+10,1.781630363361015625e+11,2.581959060956154823e+09,1.962375309197017212e+11,0.000000000000000000e+00
7.022298634412449951e+11,6.109059346197553711e+11,9.811143398997668457e+11,3.903090406200681305e+10,7.586758786438090324e+09,1.345004505668997192e+11,2.895996575759539032e+10,8.673974473662643433e+09,7.284364901830093384e+10,1.710958593215567207e+10,3.161254033873096848e+10,5.259908862113740540e+10,4.078558842595761776e+09,2.178227395088464260e+09,2.282320360668753624e+09,3.343277854259186172e+10,1.496628406632522202e+10,1.394749668441488028e+09,1.660950192470380306e+09,1.530594347830534697e+09,7.693359310365503311e+09,2.393626344657903194e+09,5.914960730277971268e+09,5.985630528540838242e+09,2.616756457931454659e+09,1.008237535811206627e+10,3.171768335396667862e+10,7.425509990810481071e+09,2.336135017927968597e+10,9.529719170219692230e+09,1.013426537321893811e+09,9.473248203282848358e+09,2.970852281173456669e+09,5.164140594479886627e+10,3.565819356492613281e+13,7.746216051392131042e+10,2.349685205302547607e+11,2.995202773385515137e+11,1.239394568222744141e+11,1.239394361986272888e+11,3.356694266863812637e+10,1.781630363361015625e+11,2.581959060956154823e+09,1.962375309197017212e+11,0.000000000000000000e+00
7.022298634412449951e+11,6.109059346197553711e+11,9.811143398997668457e+11,3.903090406200681305e+10,7.586758786438090324e+09,1.345004505668997192e+11,2.895996575759539032e+10,8.673974473662643433e+09,7.284364901830093384e+10,1.710958593215567207e+10,3.161254033873096848e+10,5.259908862113740540e+10,4.078558842595761776e+09,2.178227395088464260e+09,2.282320360668753624e+09,3.343277854259186172e+10,1.496628406632522202e+10,1.394749668441488028e+09,1.660950192470380306e+09,1.530594347830534697e+09,7.693359310365503311e+09,2.393626344657903194e+09,5.914960730277971268e+09,5.985630528540838242e+09,2.616756457931454659e+09,1.008237535811206627e+10,3.171768335396667862e+10,7.425509990810481071e+09,2.336135017927968597e+10,9.529719170219692230e+09,1.013426537321893811e+09,9.473248203282848358e+09,2.970852281173456669e+09,5.164140594479886627e+10,3.565819356492613281e+13,7.746216051392131042e+10,2.349685205302547607e+11,2.995202773385515137e+11,1.239394568222744141e+11,1.239394361986272888e+11,3.356694266863812637e+10,1.781630363361015625e+11,2.581959060956154823e+09,1.962375309197017212e+11,0.000000000000000000e+00
7.022298634412449951e+11,6.109059346197553711e+11,9.811143398997668457e+11,3.903090406200681305e+10,7.586758786438090324e+09,1.345004505668997192e+11,2.895996575759539032e+10,8.673974473662643433e+09,7.284364901830093384e+10,1.710958593215567207e+10,3.161254033873096848e+10,5.259908862113740540e+10,4.078558842595761776e+09,2.178227395088464260e+09,2.282320360668753624e+09,3.343277854259186172e+10,1.496628406632522202e+10,1.394749668441488028e+09,1.660950192470380306e+09,1.530594347830534697e+09,7.693359310365503311e+09,2.393626344657903194e+09,5.914960730277971268e+09,5.985630528540838242e+09,2.616756457931454659e+09,1.008237535811206627e+10,3.171768335396667862e+10,7.425509990810481071e+09,2.336135017927968597e+10,9.529719170219692230e+09,1.013426537321893811e+09,9.473248203282848358e+09,2.970852281173456669e+09,5.164140594479886627e+10,3.565819356492613281e+13,7.746216051392131042e+10,2.349685205302547607e+11,2.995202773385515137e+11,1.239394568222744141e+11,1.239394361986272888e+11,3.356694266863812637e+10,1.781630363361015625e+11,2.581959060956154823e+09,1.962375309197017212e+11,0.000000000000000000e+00
7.022298634412449951e+11,6.109059346197553711e+11,9.811143398997668457e+11,3.903090406200681305e+10,7.586758786438090324e+09,1.345004505668997192e+11,2.895996575759539032e+10,8.673974473662643433e+09,7.284364901830093384e+10,1.710958593215567207e+10,3.161254033873096848e+10,5.259908862113740540e+10,4.078558842595761776e+09,2.178227395088464260e+09,2.282320360668753624e+09,3.343277854259186172e+10,1.496628406632522202e+10,1.394749668441488028e+09,1.660950192470380306e+09,1.530594347830534697e+09,7.693359310365503311e+09,2.393626344657903194e+09,5.914960730277971268e+09,5.985630528540838242e+09,2.616756457931454659e+09,1.008237535811206627e+10,3.171768335396667862e+10,7.425509990810481071e+09,2.336135017927968597e+10,9.529719170219692230e+09,1.013426537321893811e+09,9.473248203282848358e+09,2.970852281173456669e+09,5.164140594479886627e+10,3.565819356492613281e+13,7.746216051392131042e+10,2.349685205302547607e+11,2.995202773385515137e+11,1.239394568222744141e+11,1.239394361986272888e+11,3.356694266863812637e+10,1.781630363361015625e+11,2.581959060956154823e+09,1.962375309197017212e+11,0.000000000000000000e+00
7.022298634412449951e+11,6.109059346197553711e+11,9.811143398997668457e+11,3.903090406200681305e+10,7.586758786438090324e+09,1.345004505668997192e+11,2.895996575759539032e+10,8.673974473662643433e+09,7.284364901830093384e+10,1.710958593215567207e+10,3.161254033873096848e+10,5.259908862113740540e+10,4.078558842595761776e+09,2.178227395088464260e+09,2.282320360668753624e+09,3.343277854259186172e+10,1.496628406632522202e+10,1.394749668441488028e+09,1.660950192470380306e+09,1.530594347830534697e+09,7.693359310365503311e+09,2.393626344657903194e+09,5.914960730277971268e+09,5.985630528540838242e+09,2.616756457931454659e+09,1.008237535811206627e+10,3.171768335396667862e+10,7.425509990810481071e+09,2.336135017927968597e+10,9.529719170219692230e+09,1.013426537321893811e+09,9.473248203282848358e+09,2.970852281173456669e+09,5.164140594479886627e+10,3.565819356492613281e+13,7.746216051392131042e+10,2.349685205302547607e+11,2.995202773385515137e+11,1.239394568222744141e+11,1.239394361986272888e+11,3.356694266863812637e+10,1.781630363361015625e+11,2.581959060956154823e+09,1.962375309197017212e+11,0.000000000000000000e+00
7.022298634412449951e+11,6.109059346197553711e+11,9.811143398997668457e+11,3.903090406200681305e+10,7.586758786438090324e+09,1.345004505668997192e+11,2.895996575759539032e+10,8.673974473662643433e+09,7.284364901830093384e+10,1.710958593215567207e+10,3.161254033873096848e+10,5.259908862113740540e+10,4.078558842595761776e+09,2.178227395088464260e+09,2.282320360668753624e+09,3.343277854259186172e+10,1.496628406632522202e+10,1.394749668441488028e+09,1.660950192470380306e+09,1.530594347830534697e+09,7.693359310365503311e+09,2.393626344657903194e+09,5.914960730277971268e+09,5.985630528540838242e+09,2.616756457931454659e+09,1.008237535811206627e+10,3.171768335396667862e+10,7.425509990810481071e+09,2.336135017927968597e+10,9.529719170219692230e+09,1.013426537321893811e+09,9.473248203282848358e+09,2.970852281173456669e+09,5.164140594479886627e+10,3.565819356492613281e+13,7.746216051392131042e+10,2.349685205302547607e+11,2.995202773385515137e+11,1.239394568222744141e+11,1.239394361986272888e+11,3.356694266863812637e+10,1.781630363361015625e+11,2.581959060956154823e+09,1.962375309197017212e+11,0.000000000000000000e+00
7.022298634412449951e+11,6.109059346197553711e+11,9.811143398997668457e+11,3.903090406200681305e+10,7.586758786438090324e+09,1.345004505668997192e+11,2.895996575759539032e+10,8.673974473662643433e+09,7.284364901830093384e+10,1.710958593215567207e+10,3.161254033873096848e+10,5.259908862113740540e+10,4.078558842595761776e+09,2.178227395088464260e+09,2.282320360668753624e+09,3.343277854259186172e+10,1.496628406632522202e+10,1.394749668441488028e+09,1.660950192470380306e+09,1.530594347830534697e+09,7.693359310365503311e+09,2.393626344657903194e+09,5.914960730277971268e+09,5.985630528540838242e+09,2.616756457931454659e+09,1.008237535811206627e+10,3.171768335396667862e+10,7.425509990810481071e+09,2.336135017927968597e+10,9.529719170219692230e+09,1.013426537321893811e+09,9.473248203282848358e+09,2.970852281173456669e+09,5.164140594479886627e+10,3.565819356492613281e+13,7.746216051392131042e+10,2.349685205302547607e+11,2.995202773385515137e+11,1.239394568222744141e+11,1.239394361986272888e+11,3.356694266863812637e+10,1.781630363361015625e+11,2.581959060956154823e+09,1.962375309197017212e+11,0.000000000000000000e+00
7.022298634412449951e+11,6.109059346197553711e+11,9.811143398997668457e+11,3.903090406200681305e+10,7.586758786438090324e+09,1.345004505668997192e+11,2.895996575759539032e+10,8.673974473662643433e+09,7.284364901830093384e+10,1.710958593215567207e+10,3.161254033873096848e+10,5.259908862113740540e+10,4.078558842595761776e+09,2.178227395088464260e+09,2.282320360668753624e+09,3.343277854259186172e+10,1.496628406632522202e+10,1.394749668441488028e+09,1.660950192470380306e+09,1.530594347830534697e+09,7.693359310365503311e+09,2.393626344657903194e+09,5.914960730277971268e+09,5.985630528540838242e+09,2.616756457931454659e+09,1.008237535811206627e+10,3.171768335396667862e+10,7.425509990810481071e+09,2.336135017927968597e+10,9.529719170219692230e+09,1.013426537321893811e+09,9.473248203282848358e+09,2.970852281173456669e+09,5.164140594479886627e+10,3.565819356492613281e+13,7.746216051392131042e+10,2.349685205302547607e+11,2.995202773385515137e+11,1.239394568222744141e+11,1.239394361986272888e+11,3.356694266863812637e+10,1.781630363361015625e+11,2.581959060956154823e+09,1.962375309197017212e+11,0.000000000000000000e+00
7.022298634412449951e+11,6.109059346197553711e+11,9.811143398997668457e+11,3.903090406200681305e+10,7.586758786438090324e+09,1.345004505668997192e+11,2.895996575759539032e+10,8.673974473662643433e+09,7.284364901830093384e+10,1.710958593215567207e+10,3.161254033873096848e+10,5.259908862113740540e+10,4.078558842595761776e+09,2.178227395088464260e+09,2.282320360668753624e+09,3.343277854259186172e+10,1.496628406632522202e+10,1.394749668441488028e+09,1.660950192470380306e+09,1.530594347830534697e+09,7.693359310365503311e+09,2.393626344657903194e+09,5.914960730277971268e+09,5.985630528540838242e+09,2.616756457931454659e+09,1.008237535811206627e+10,3.171768335396667862e+10,7.425509990810481071e+09,2.336135017927968597e+10,9.529719170219692230e+09,1.013426537321893811e+09,9.473248203282848358e+09,2.970852281173456669e+09,5.164140594479886627e+10,3.565819356492613281e+13,7.746216051392131042e+10,2.349685205302547607e+11,2.995202773385515137e+11,1.239394568222744141e+11,1.239394361986272888e+11,3.356694266863812637e+10,1.781630363361015625e+11,2.581959060956154823e+09,1.962375309197017212e+11,0.000000000000000000e+00
7.022298634412449951e+11,6.109059346197553711e+11,9.811143398997668457e+11,3.903090406200681305e+10,7.586758786438090324e+09,1.345004505668997192e+11,2.895996575759539032e+10,8.673974473662643433e+09,7.284364901830093384e+10,1.710958593215567207e+10,3.161254033873096848e+10,5.259908862113740540e+10,4.078558842595761776e+09,2.178227395088464260e+09,2.282320360668753624e+09,3.343277854259186172e+10,1.496628406632522202e+10,1.394749668441488028e+09,1.660950192470380306e+09,1.530594347830534697e+09,7.693359310365503311e+09,2.393626344657903194e+09,5.914960730277971268e+09,5.985630528540838242e+09,2.616756457931454659e+09,1.008237535811206627e+10,3.171768335396667862e+10,7.425509990810481071e+09,2.336135017927968597e+10,9.529719170219692230e+09,1.013426537321893811e+09,9.473248203282848358e+09,2.970852281173456669e+09,5.164140594479886627e+10,3.565819356492613281e+13,7.746216051392131042e+10,2.349685205302547607e+11,2.995202773385515137e+11,1.239394568222744141e+11,1.239394361986272888e+11,3.356694266863812637e+10,1.781630363361015625e+11,2.581959060956154823e+09,1.962375309197017212e+11,0.000000000000000000e+00
7.022298634412449951e+11,6.109059346197553711e+11,9.811143398997668457e+11,3.903090406200681305e+10,7.586758786438090324e+09,1.345004505668997192e+11,2.895996575759539032e+10,8.673974473662643433e+09,7.284364901830093384e+10,1.710958593215567207e+10,3.161254033873096848e+10,5.259908862113740540e+10,4.078558842595761776e+09,2.178227395088464260e+09,2.282320360668753624e+09,3.343277854259186172e+10,1.496628406632522202e+10,1.394749668441488028e+09,1.660950192470380306e+09,1.530594347830534697e+09,7.693359310365503311e+09,2.393626344657903194e+09,5.914960730277971268e+09,5.985630528540838242e+09,2.616756457931454659e+09,1.008237535811206627e+10,3.171768335396667862e+10,7.425509990810481071e+09,2.336135017927968597e+10,9.529719170219692230e+09,1.013426537321893811e+09,9.473248203282848358e+09,2.970852281173456669e+09,5.164140594479886627e+10,3.565819356492613281e+13,7.746216051392131042e+10,2.349685205302547607e+11,2.995202773385515137e+11,1.239394568222744141e+11,1.239394361986272888e+11,3.356694266863812637e+10,1.781630363361015625e+11,2.581959060956154823e+09,1.962375309197017212e+11,0.000000000000000000e+00
7.022298634412449951e+11,6.109059346197553711e+11,9.811143398997668457e+11,3.903090406200681305e+10,7.586758786438090324e+09,1.345004505668997192e+11,2.895996575759539032e+10,8.673974473662643433e+09,7.284364901830093384e+10,1.710958593215567207e+10,3.161254033873096848e+10,5.259908862113740540e+10,4.078558842595761776e+09,2.178227395088464260e+09,2.282320360668753624e+09,3.343277854259186172e+10,1.496628406632522202e+10,1.394749668441488028e+09,1.660950192470380306e+09,1.530594347830534697e+09,7.693359310365503311e+09,2.393626344657903194e+09,5.914960730277971268e+09,5.985630528540838242e+09,2.616756457931454659e+09,1.008237535811206627e+10,3.171768335396667862e+10,7.425509990810481071e+09,2.336135017927968597e+10,9.529719170219692230e+09,1.013426537321893811e+09,9.473248203282848358e+09,2.970852281173456669e+09,5.164140594479886627e+10,3.565819356492613281e+13,7.746216051392131042e+10,2.349685205302547607e+11,2.995202773385515137e+11,1.239394568222744141e+11,1.239394361986272888e+11,3.356694266863812637e+10,1.781630363361015625e+11,2.581959060956154823e+09,1.962375309197017212e+11,0.000000000000000000e+00
7.022298634412449951e+11,6.109059346197553711e+11,9.811143398997668457e+11,3.903090406200681305e+10,7.586758786438090324e+09,1.345004505668997192e+11,2.895996575759539032e+10,8.673974473662643433e+09,7.284364901830093384e+10,1.710958593215567207e+10,3.161254033873096848e+10,5.259908862113740540e+10,4.078558842595761776e+09,2.178227395088464260e+09,2.282320360668753624e+09,3.343277854259186172e+10,1.496628406632522202e+10,1.394749668441488028e+09,1.660950192470380306e+09,1.530594347830534697e+09,7.693359310365503311e+09,2.393626344657903194e+09,5.914960730277971268e+09,5.985630528540838242e+09,2.616756457931454659e+09,1.008237535811206627e+10,3.171768335396667862e+10,7.425509990810481071e+09,2.336135017927968597e+10,9.529719170219692230e+09,1.013426537321893811e+09,9.473248203282848358e+09,2.970852281173456669e+09,5.164140594479886627e+10,3.565819356492613281e+13,7.746216051392131042e+10,2.349685205302547607e+11,2.995202773385515137e+11,1.239394568222744141e+11,1.239394361986272888e+11,3.356694266863812637e+10,1.781630363361015625e+11,2.581959060956154823e+09,1.962375309197017212e+11,0.000000000000000000e+00
7.022298634412449951e+11,6.109059346197553711e+11,9.811143398997668457e+11,3.903090406200681305e+10,7.586758786438090324e+09,1.345004505668997192e+11,2.895996575759539032e+10,8.673974473662643433e+09,7.284364901830093384e+10,1.710958593215567207e+10,3.161254033873096848e+10,5.259908862113740540e+10,4.078558842595761776e+09,2.178227395088464260e+09,2.282320360668753624e+09,3.343277854259186172e+10,1.496628406632522202e+10,1.394749668441488028e+09,1.660950192470380306e+09,1.530594347830534697e+09,7.693359310365503311e+09,2.393626344657903194e+09,5.914960730277971268e+09,5.985630528540838242e+09,2.616756457931454659e+09,1.008237535811206627e+10,3.171768335396667862e+10,7.425509990810481071e+09,2.336135017927968597e+10,9.529719170219692230e+09,1.013426537321893811e+09,9.473248203282848358e+09,2.970852281173456669e+09,5.164140594479886627e+10,3.565819356492613281e+13,7.746216051392131042e+10,2.349685205302547607e+11,2.995202773385515137e+11,1.239394568222744141e+11,1.239394361986272888e+11,3.356694266863812637e+10,1.781630363361015625e+11,2.581959060956154823e+09,1.962375309197017212e+11,0.000000000000000000e+00
7.022298634412449951e+11,6.109059346197553711e+11,9.811143398997668457e+11,3.903090406200681305e+10,7.586758786438090324e+09,1.345004505668997192e+11,2.895996575759539032e+10,8.673974473662643433e+09,7.284364901830093384e+10,1.710958593215567207e+10,3.161254033873096848e+10,5.259908862113740540e+10,4.078558842595761776e+09,2.178227395088464260e+09,2.282320360668753624e+09,3.343277854259186172e+10,1.496628406632522202e+10,1.394749668441488028e+09,1.660950192470380306e+09,1.530594347830534697e+09,7.693359310365503311e+09,2.393626344657903194e+09,5.914960730277971268e+09,5.985630528540838242e+09,2.616756457931454659e+09,1.008237535811206627e+10,3.171768335396667862e+10,7.425509990810481071e+09,2.336135017927968597e+10,9.529719170219692230e+09,1.013426537321893811e+09,9.473248203282848358e+09,2.970852281173456669e+09,5.164140594479886627e+10,3.565819356492613281e+13,7.746216051392131042e+10,2.349685205302547607e+11,2.995202773385515137e+11,1.239394568222744141e+11,1.239394361986272888e+11,3.356694266863812637e+10,1.781630363361015625e+11,2.581959060956154823e+09,1.962375309197017212e+11,0.000000000000000000e+00
7.022298634412449951e+11,6.109059346197553711e+11,9.811143398997668457e+11,3.903090406200681305e+10,7.586758786438090324e+09,1.345004505668997192e+11,2.895996575759539032e+10,8.673974473662643433e+09,7.284364901830093384e+10,1.710958593215567207e+10,3.161254033873096848e+10,5.259908862113740540e+10,4.078558842595761776e+09,2.178227395088464260e+09,2.282320360668753624e+09,3.343277854259186172e+10,1.496628406632522202e+10,1.394749668441488028e+09,1.660950192470380306e+09,1.530594347830534697e+09,7.693359310365503311e+09,2.393626344657903194e+09,5.914960730277971268e+09,5.985630528540838242e+09,2.616756457931454659e+09,1.008237535811206627e+10,3.171768335396667862e+10,7.425509990810481071e+09,2.336135017927968597e+10,9.529719170219692230e+09,1.013426537321893811e+09,9.473248203282848358e+09,2.970852281173456669e+09,5.164140594479886627e+10,3.565819356492613281e+13,7.746216051392131042e+10,2.349685205302547607e+11,2.995202773385515137e+11,1.239394568222744141e+11,1.239394361986272888e+11,3.356694266863812637e+10,1.781630363361015625e+11,2.581959060956154823e+09,1.962375309197017212e+11,0.000000000000000000e+00
7.022298634412449951e+11,6.109059346197553711e+11,9.811143398997668457e+11,3.903090406200681305e+10,7.586758786438090324e+09,1.345004505668997192e+11,2.895996575759539032e+10,8.673974473662643433e+09,7.284364901830093384e+10,1.710958593215567207e+10,3.161254033873096848e+10,5.259908862113740540e+10,4.078558842595761776e+09,2.178227395088464260e+09,2.282320360668753624e+09,3.343277854259186172e+10,1.496628406632522202e+10,1.394749668441488028e+09,1.660950192470380306e+09,1.530594347830534697e+09,7.693359310365503311e+09,2.393626344657903194e+09,5.914960730277971268e+09,5.985630528540838242e+09,2.616756457931454659e+09,1.008237535811206627e+10,3.171768335396667862e+10,7.425509990810481071e+09,2.336135017927968597e+10,9.529719170219692230e+09,1.013426537321893811e+09,9.473248203282848358e+09,2.970852281173456669e+09,5.164140594479886627e+10,3.565819356492613281e+13,7.746216051392131042e+10,2.349685205302547607e+11,2.995202773385515137e+11,1.239394568222744141e+11,1.239394361986272888e+11,3.356694266863812637e+10,1.781630363361015625e+11,2.581959060956154823e+09,1.962375309197017212e+11,0.000000000000000000e+00
7.022298634412449951e+11,6.109059346197553711e+11,9.811143398997668457e+11,3.903090406200681305e+10,7.586758786438090324e+09,1.345004505668997192e+11,2.895996575759539032e+10,8.673974473662643433e+09,7.284364901830093384e+10,1.710958593215567207e+10,3.161254033873096848e+10,5.259908862113740540e+10,4.078558842595761776e+09,2.178227395088464260e+09,2.282320360668753624e+09,3.343277854259186172e+10,1.496628406632522202e+10,1.394749668441488028e+09,1.660950192470380306e+09,1.530594347830534697e+09,7.693359310365503311e+09,2.393626344657903194e+09,5.914960730277971268e+09,5.985630528540838242e+09,2.616756457931454659e+09,1.008237535811206627e+10,3.171768335396667862e+10,7.425509990810481071e+09,2.336135017927968597e+10,9.529719170219692230e+09,1.013426537321893811e+09,9.473248203282848358e+09,2.970852281173456669e+09,5.164140594479886627e+10,3.565819356492613281e+13,7.746216051392131042e+10,2.349685205302547607e+11,2.995202773385515137e+11,1.239394568222744141e+11,1.239394361986272888e+11,3.356694266863812637e+10,1.781630363361015625e+11,2.581959060956154823e+09,1.962375309197017212e+11,0.000000000000000000e+00
7.022298634412449951e+11,6.109059346197553711e+11,9.811143398997668457e+11,3.903090406200681305e+10,7.586758786438090324e+09,1.345004505668997192e+11,2.895996575759539032e+10,8.673974473662643433e+09,7.284364901830093384e+10,1.710958593215567207e+10,3.161254033873096848e+10,5.259908862113740540e+10,4.078558842595761776e+09,2.178227395088464260e+09,2.282320360668753624e+09,3.343277854259186172e+10,1.496628406632522202e+10,1.394749668441488028e+09,1.660950192470380306e+09,1.530594347830534697e+09,7.693359310365503311e+09,2.393626344657903194e+09,5.914960730277971268e+09,5.985630528540838242e+09,2.616756457931454659e+09,1.008237535811206627e+10,3.171768335396667862e+10,7.425509990810481071e+09,2.336135017927968597e+10,9.529719170219692230e+09,1.013426537321893811e+09,9.473248203282848358e+09,2.970852281173456669e+09,5.164140594479886627e+10,3.565819356492613281e+13,7.746216051392131042e+10,2.349685205302547607e+11,2.995202773385515137e+11,1.239394568222744141e+11,1.239394361986272888e+11,3.356694266863812637e+10,1.781630363361015625e+11,2.581959060956154823e+09,1.962375309197017212e+11,0.000000000000000000e+00
7.022298634412449951e+11,6.109059346197553711e+11,9.811143398997668457e+11,3.903090406200681305e+10,7.586758786438090324e+09,1.345004505668997192e+11,2.895996575759539032e+10,8.673974473662643433e+09,7.284364901830093384e+10,1.710958593215567207e+10,3.161254033873096848e+10,5.259908862113740540e+10,4.078558842595761776e+09,2.178227395088464260e+09,2.282320360668753624e+09,3.343277854259186172e+10,1.496628406632522202e+10,1.394749668441488028e+09,1.660950192470380306e+09,1.530594347830534697e+09,7.693359310365503311e+09,2.393626344657903194e+09,5.914960730277971268e+09,5.985630528540838242e+09,2.616756457931454659e+09,1.008237535811206627e+10,3.171768335396667862e+10,7.425509990810481071e+09,2.336135017927968597e+10,9.529719170219692230e+09,1.013426537321893811e+09,9.473248203282848358e+09,2.970852281173456669e+09,5.164140594479886627e+10,3.565819356492613281e+13,7.746216051392131042e+10,2.349685205302547607e+11,2.995202773385515137e+11,1.239394568222744141e+11,1.239394361986272888e+11,3.356694266863812637e+10,1.781630363361015625e+11,2.581959060956154823e+09,1.962375309197017212e+11,0.000000000000000000e+00
7.022298634412449951e+11,6.109059346197553711e+11,9.811143398997668457e+11,3.903090406200681305e+10,7.586758786438090324e+09,1.345004505668997192e+11,2.895996575759539032e+10,8.673974473662643433e+09,7.284364901830093384e+10,1.710958593215567207e+10,3.161254033873096848e+10,5.259908862113740540e+10,4.078558842595761776e+09,2.178227395088464260e+09,2.282320360668753624e+09,3.343277854259186172e+10,1.496628406632522202e+10,1.394749668441488028e+09,1.660950192470380306e+09,1.530594347830534697e+09,7.693359310365503311e+09,2.393626344657903194e+09,5.914960730277971268e+09,5.985630528540838242e+09,2.616756457931454659e+09,1.008237535811206627e+10,3.171768335396667862e+10,7.425509990810481071e+09,2.336135017927968597e+10,9.529719170219692230e+09,1.013426537321893811e+09,9.473248203282848358e+09,2.970852281173456669e+09,5.164140594479886627e+10,3.565819356492613281e+13,7.746216051392131042e+10,2.349685205302547607e+11,2.995202773385515137e+11,1.239394568222744141e+11,1.239394361986272888e+11,3.356694266863812637e+10,1.781630363361015625e+11,2.581959060956154823e+09,1.962375309197017212e+11,0.000000000000000000e+00
7.022298634412449951e+11,6.109059346197553711e+11,9.811143398997668457e+11,3.903090406200681305e+10,7.586758786438090324e+09,1.345004505668997192e+11,2.895996575759539032e+10,8.673974473662643433e+09,7.284364901830093384e+10,1.710958593215567207e+10,3.161254033873096848e+10,5.259908862113740540e+10,4.078558842595761776e+09,2.178227395088464260e+09,2.282320360668753624e+09,3.343277854259186172e+10,1.496628406632522202e+10,1.394749668441488028e+09,1.660950192470380306e+09,1.530594347830534697e+09,7.693359310365503311e+09,2.393626344657903194e+09,5.914960730277971268e+09,5.985630528540838242e+09,2.616756457931454659e+09,1.008237535811206627e+10,3.171768335396667862e+10,7.425509990810481071e+09,2.336135017927968597e+10,9.529719170219692230e+09,1.013426537321893811e+09,9.473248203282848358e+09,2.970852281173456669e+09,5.164140594479886627e+10,3.565819356492613281e+13,7.746216051392131042e+10,2.349685205302547607e+11,2.995202773385515137e+11,1.239394568222744141e+11,1.239394361986272888e+11,3.356694266863812637e+10,1.781630363361015625e+11,2.581959060956154823e+09,1.962375309197017212e+11,0.000000000000000000e+00
7.022298634412449951e+11,6.109059346197553711e+11,9.811143398997668457e+11,3.903090406200681305e+10,7.586758786438090324e+09,1.345004505668997192e+11,2.895996575759539032e+10,8.673974473662643433e+09,7.284364901830093384e+10,1.710958593215567207e+10,3.161254033873096848e+10,5.259908862113740540e+10,4.078558842595761776e+09,2.178227395088464260e+09,2.282320360668753624e+09,3.343277854259186172e+10,1.496628406632522202e+10,1.394749668441488028e+09,1.660950192470380306e+09,1.530594347830534697e+09,7.693359310365503311e+09,2.393626344657903194e+09,5.914960730277971268e+09,5.985630528540838242e+09,2.616756457931454659e+09,1.008237535811206627e+10,3.171768335396667862e+10,7.425509990810481071e+09,2.336135017927968597e+10,9.529719170219692230e+09,1.013426537321893811e+09,9.473248203282848358e+09,2.970852281173456669e+09,5.164140594479886627e+10,3.565819356492613281e+13,7.746216051392131042e+10,2.349685205302547607e+11,2.995202773385515137e+11,1.239394568222744141e+11,1.239394361986272888e+11,3.356694266863812637e+10,1.781630363361015625e+11,2.581959060956154823e+09,1.962375309197017212e+11,0.000000000000000000e+00
7.022298634412449951e+11,6.109059346197553711e+11,9.811143398997668457e+11,3.903090406200681305e+10,7.586758786438090324e+09,1.345004505668997192e+11,2.895996575759539032e+10,8.673974473662643433e+09,7.284364901830093384e+10,1.710958593215567207e+10,3.161254033873096848e+10,5.259908862113740540e+10,4.078558842595761776e+09,2.178227395088464260e+09,2.282320360668753624e+09,3.343277854259186172e+10,1.496628406632522202e+10,1.394749668441488028e+09,1.660950192470380306e+09,1.530594347830534697e+09,7.693359310365503311e+09,2.393626344657903194e+09,5.914960730277971268e+09,5.985630528540838242e+09,2.616756457931454659e+09,1.008237535811206627e+10,3.171768335396667862e+10,7.425509990810481071e+09,2.336135017927968597e+10,9.529719170219692230e+09,1.013426537321893811e+09,9.473248203282848358e+09,2.970852281173456669e+09,5.164140594479886627e+10,3.565819356492613281e+13,7.746216051392131042e+10,2.349685205302547607e+11,2.995202773385515137e+11,1.239394568222744141e+11,1.239394361986272888e+11,3.356694266863812637e+10,1.781630363361015625e+11,2.581959060956154823e+09,1.962375309197017212e+11,0.000000000000000000e+00
